116013
116082
116100
116099
116085
116075
116087
116119
116117
115946
115879
115983
115984
115973
115980
116029
116033
116037
116069
115955
115842
115905
115957
115958
115931
115968
116010
116014
116006
116016
115830
115816
115867
115911
115888
115863
115899
115947
115930
115921
115937
115876
115710
115767
115839
115851
115797
115820
115870
115877
115869
115882
115876
115672
115688
115762
115784
115745
115742
115804
115814
115816
115836
115866
115815
115610
115671
115744
115730
115695
115728
115757
115763
115764
115800
115793
115782
115623
115588
115660
115667
115687
115679
115696
115703
115747
115746
115727
115735
115606
115550
115609
115642
115651
115617
115636
115681
115701
115707
115699
115723
115588
115483
115566
115618
115606
115562
115595
115636
115635
115626
115658
115667
115498
115442
115554
115573
115546
115528
115581
115587
115580
115608
115625
115429
115418
115499
115536
115502
115495
115549
115573
115553
115565
115549
115363
115392
115444
115475
115444
115442
115488
115527
115517
115520
115504
115327
115359
115406
115449
115414
115405
115432
115474
115471
115463
115478
115340
115285
115334
115379
115366
115334
115351
115406
115402
115392
115400
115363
115197
115230
115284
115302
115261
115277
115324
115346
115341
115343
115367
115176
115156
115228
115260
115244
115228
115263
115300
115288
115287
115323
115318
115122
115128
115205
115212
115180
115188
115247
115244
115240
115261
115263
115255
115099
115064
115131
115127
115128
115137
115149
115158
115190
115217
115200
115164
115021
115058
115097
115096
115102
115112
115119
115137
115167
115160
115129
114952
115004
115041
115040
115048
115049
115069
115078
115127
115135
115112
115022
114900
114956
114977
114999
114998
114999
115012
115040
115058
115048
115042
114952
114852
114908
114935
114967
114935
114937
114976
115006
115004
114989
114907
114808
114868
114883
114906
114886
114893
114920
114968
114964
114953
114779
114790
114836
114835
114848
114854
114860
114872
114911
114924
114900
114720
114719
114782
114779
114779
114789
114799
114818
114856
114865
114860
114724
114660
114735
114740
114750
114753
114768
114781
114805
114827
114822
114677
114625
114706
114706
114696
114712
114737
114741
114757
114779
114759
114571
114568
114633
114644
114626
114642
114663
114670
114694
114733
114718
114672
114513
114567
114590
114595
114617
114624
114641
114659
114688
114692
114682
114654
114499
114520
114559
114595
114589
114575
114605
114645
114651
114641
114641
114506
114467
114519
114561
114573
114546
114561
114602
114619
114607
114600
114465
114431
114479
114502
114529
114505
114516
114558
114589
114584
114578
114473
114404
114465
114484
114519
114498
114501
114538
114566
114559
114548
114504
114361
114400
114422
114460
114444
114441
114459
114508
114502
114494
114486
114333
114337
114389
114429
114418
114409
114437
114476
114490
114479
114419
114269
114322
114341
114370
114367
114368
114387
114420
114453
114446
114428
114262
114256
114309
114319
114342
114332
114348
114387
114424
114419
114404
114340
114211
114256
114277
114313
114279
114288
114323
114369
114366
114348
114290
114140
114196
114213
114251
114226
114238
114264
114301
114296
114285
114146
114094
114156
114167
114200
114193
114197
114219
114275
114277
114250
114059
114088
114137
114138
114145
114158
114175
114183
114218
114235
114197
114005
114052
114116
114118
114093
114128
114154
114158
114178
114197
114098
113942
114034
114078
114066
114037
114088
114116
114118
114138
114153
113985
113905
113993
114030
114017
113991
114047
114092
114076
114072
114103
113979
113857
113941
113995
113994
113969
114004
114048
114047
114051
114084
114028
113833
113898
113972
113988
113938
113961
114027
114022
114007
114026
113863
113848
113907
113942
113947
113928
113947
114004
114018
114001
113846
113803
113879
113887
113894
113909
113930
113942
113975
113995
113898
113727
113821
113857
113859
113838
113895
113915
113910
113931
113959
113817
113709
113804
113840
113819
113801
113865
113889
113883
113886
113907
113698
113704
113770
113822
113786
113782
113824
113862
113846
113848
113878
113708
113636
113712
113751
113744
113723
113760
113802
113809
113797
113824
113826
113608
113615
113701
113729
113700
113695
113755
113783
113764
113784
113816
113791
113574
113617
113690
113696
113665
113689
113736
113739
113740
113779
113757
113544
113569
113662
113688
113642
113668
113717
113718
113713
113746
113734
113524
113548
113638
113651
113622
113635
113697
113708
113706
113733
113740
113532
113529
113623
113648
113627
113617
113678
113691
113676
113687
113729
113567
113491
113585
113634
113600
113573
113625
113662
113650
113649
113657
113463
113482
113544
113591
113559
113550
113602
113637
113625
113592
113405
113454
113497
113505
113514
113519
113536
113551
113590
113586
113417
113358
113468
113485
113475
113466
113517
113536
113530
113550
113577
113411
113318
113427
113467
113455
113426
113485
113527
113520
113518
113560
113398
113315
113395
113445
113444
113415
113458
113513
113515
113503
113525
113395
113305
113362
113408
113440
113409
113424
113468
113500
113489
113489
113517
113370
113270
113357
113412
113416
113378
113404
113471
113485
113468
113487
113522
113386
113236
113345
113412
113404
113355
113397
113446
113444
113458
113486
113403
