331.23
348.29
323.96
248.52
160.00
113.62
133.08
192.97
246.67
267.35
261.55
250.00
244.60
245.79
253.48
269.92
290.86
303.28
300.22
295.11
310.82
348.77
375.00
347.98
264.39
171.63
127.40
146.89
193.80
223.49
227.55
230.87
251.05
273.63
273.27
250.73
236.13
253.23
290.33
314.94
313.83
306.92
317.54
337.01
329.77
274.94
194.98
138.07
134.52
174.85
226.56
263.51
277.38
271.08
253.36
239.90
247.40
276.80
306.32
311.77
296.48
292.31
322.08
364.26
366.22
299.08
194.91
122.20
123.06
178.24
233.35
252.61
243.23
233.74
240.10
256.41
269.97
275.75
276.57
278.21
288.29
313.15
347.13
366.01
341.83
271.89
190.29
142.99
148.24
184.47
217.54
234.52
246.55
263.57
277.28
273.69
256.13
246.08
259.76
290.30
317.25
329.51
332.01
330.43
317.55
281.14
223.65
168.37
142.91
157.98
201.58
250.09
282.38
288.48
272.73
252.23
246.50
261.97
285.67
298.77
297.80
298.46
314.03
332.86
324.28
270.84
192.41
133.81
127.81
170.23
228.27
268.68
278.30
265.35
248.88
246.45
263.49
288.70
303.21
300.20
295.42
310.91
344.31
360.13
321.13
231.58
143.27
112.33
148.99
212.65
254.41
259.61
248.85
246.56
257.26
270.67
279.25
283.72
286.51
289.43
298.27
320.36
350.01
361.27
326.70
248.89
167.97
130.20
147.62
191.48
224.94
237.01
241.88
252.31
263.14
263.03
253.98
251.43
266.11
292.55
317.56
334.45
343.35
340.54
315.63
264.47
201.67
154.89
144.38
169.06
211.12
250.85
275.93
282.40
273.51
259.68
254.20
264.18
285.30
307.43
324.41
335.23
335.81
315.54
267.82
204.08
151.96
135.53
157.01
198.47
238.62
265.23
274.24
266.35
249.68
241.45
256.54
290.96
322.20
332.50
329.33
334.67
351.80
351.55
301.63
210.04
129.54
111.60
157.35
219.26
250.64
246.60
235.22
237.84
249.38
255.95
258.48
268.58
286.44
297.09
293.31
291.84
313.99
350.88
361.02
312.46
223.64
151.97
139.20
174.01
212.54
228.60
234.06
250.53
274.65
282.27
263.48
240.28
242.66
273.62
307.27
321.12
320.48
324.99
336.80
332.69
290.85
219.92
155.73
130.96
150.92
196.01
240.51
266.68
268.46
252.07
234.86
235.48
257.93
286.33
301.34
302.40
308.05
330.08
351.50
338.09
275.30
190.35
132.83
133.15
180.06
235.87
268.67
271.14
256.33
243.74
247.50
269.31
296.48
311.08
308.00
303.92
320.91
356.34
373.74
333.71
237.79
137.53
93.22
121.86
186.55
235.37
246.87
238.07
235.71
247.87
263.36
270.30
268.83
267.99
276.51
297.61
327.17
351.55
350.90
312.69
246.59
183.23
153.06
163.81
198.28
233.02
256.66
271.02
280.00
282.91
278.61
271.30
269.11
277.34
294.88
315.53
329.99
327.49
300.76
253.66
203.02
168.92
160.71
173.22
196.02
222.78
249.55
268.42
270.69
258.88
249.83
259.21
283.20
301.78
302.65
296.58
302.50
319.11
319.83
281.76
215.99
162.60
153.93
186.77
231.55
262.49
273.81
270.90
258.46
242.92
238.18
256.09
288.77
310.48
305.78
291.32
298.72
332.16
352.87
316.61
226.57
139.94
115.99
160.49
225.74
261.72
259.66
245.55
242.59
250.17
256.70
259.57
264.56
272.59
278.16
282.67
298.06
328.68
353.65
339.14
274.41
190.91
138.42
141.26
181.13
222.04
245.48
257.91
270.46
281.59
282.77
273.98
266.20
269.24
283.16
302.72
323.75
339.83
336.91
301.24
237.67
175.13
146.19
159.27
194.18
225.28
244.47
258.67
270.84
273.19
261.80
249.54
255.65
282.31
309.94
319.54
314.77
313.86
320.70
313.51
269.35
197.04
137.03
125.13
159.98
209.14
243.16
257.40
262.21
262.79
257.35
250.88
257.83
283.95
312.06
317.22
298.52
286.55
309.52
353.30
366.06
310.40
208.60
128.49
120.96
173.99
230.89
249.52
237.98
232.62
250.81
274.44
277.94
261.93
251.25
263.11
287.10
300.99
299.84
299.98
313.11
324.80
307.02
251.65
185.27
146.71
152.54
187.76
226.77
255.61
272.26
274.36
258.57
233.70
223.49
245.31
286.71
313.01
304.75
282.75
285.99
323.20
354.31
329.17
244.05
152.93
118.64
155.32
221.42
265.45
271.13
258.94
253.54
259.85
268.77
274.38
277.96
280.42
280.99
285.11
303.54
335.23
354.88
329.74
256.06
173.42
133.56
152.78
199.38
230.29
234.32
234.05
249.24
270.22
273.24
254.89
239.62
250.41
280.93
304.68
308.32
305.20
311.77
319.15
299.13
240.05
168.15
126.64
135.70
178.16
222.73
252.82
269.48
274.77
265.83
247.75
240.88
262.76
303.52
330.52
324.99
308.15
319.64
367.03
405.74
379.52
281.87
170.24
114.74
135.09
190.35
226.53
226.49
212.92
212.51
228.01
244.71
253.17
257.34
263.87
273.78
286.72
305.53
328.04
337.29
310.82
246.72
175.95
140.17
154.16
194.26
226.01
238.77
247.81
265.69
282.29
279.54
260.04
249.64
267.91
303.41
326.48
324.63
315.78
321.80
335.35
323.39
266.42
187.35
134.87
138.43
183.89
232.59
258.14
261.23
255.11
247.80
242.12
244.12
260.62
286.43
303.32
299.13
286.01
290.61
321.50
350.73
336.12
265.59
176.25
124.69
136.75
187.12
228.08
235.30
224.37
225.21
246.28
267.66
267.55
249.86
241.47
262.10
301.15
328.03
325.41
308.42
306.76
327.93
343.02
314.17
237.15
153.35
115.98
143.09
204.54
253.28
266.27
255.26
244.06
243.55
249.53
256.85
266.26
277.82
286.25
289.04
294.93
314.89
341.55
345.67
302.65
223.69
153.75
132.71
159.91
200.58
224.88
233.98
246.15
265.86
277.07
267.78
250.73
251.15
276.18
306.08
318.98
316.96
319.04
330.12
327.83
287.16
214.88
150.70
131.92
160.63
207.77
243.84
259.82
261.29
254.03
243.00
239.07
254.00
284.08
307.29
306.31
292.61
296.76
328.64
354.99
328.44
242.34
148.41
111.61
147.82
212.07
248.23
243.49
229.19
235.60
258.03
270.94
264.94
257.30
266.63
288.71
305.27
310.67
317.54
332.90
339.26
310.64
246.71
181.45
152.09
163.85
191.37
212.12
228.00
250.45
273.86
277.20
253.65
227.57
231.25
266.74
301.53
306.48
290.76
289.54
317.33
343.82
323.83
249.13
162.85
120.76
142.01
199.09
249.81
271.69
268.32
254.48
243.69
245.62
263.32
287.50
300.52
294.86
286.54
300.44
337.11
360.42
329.04
243.35
154.49
120.06
150.88
205.50
236.21
234.17
226.59
237.04
259.21
271.21
266.34
259.96
267.94
287.70
305.68
316.83
326.97
335.38
325.47
281.72
214.43
158.91
144.66
168.40
201.98
224.20
237.78
253.99
269.19
267.40
246.38
230.29
246.33
290.55
326.68
325.31
299.09
289.86
317.97
352.40
339.44
262.03
164.36
112.72
133.82
194.68
241.06
248.79
235.66
230.23
240.12
252.84
258.59
261.79
270.22
282.37
292.04
301.35
318.73
341.47
347.59
314.67
247.70
181.53
151.06
160.85
187.66
209.83
226.61
246.70
266.42
270.14
253.24
235.28
241.66
274.09
307.58
319.63
315.59
317.89
332.02
333.49
294.59
220.61
151.80
127.35
151.51
196.53
232.93
250.91
255.29
251.44
243.58
241.35
255.89
284.83
308.35
309.60
297.99
302.36
334.84
366.63
350.42
271.59
172.11
116.37
132.17
188.29
230.39
234.30
220.86
222.70
245.34
265.51
262.86
245.34
239.75
261.12
296.11
317.81
314.37
300.63
301.03
321.79
340.46
324.21
261.61
178.76
123.05
126.35
179.14
239.31
267.82
258.47
235.66
226.39
236.76
254.21
266.80
274.26
281.54
288.67
292.90
297.91
312.16
333.57
341.07
310.55
243.08
172.49
138.64
152.09
188.45
217.41
231.91
245.01
263.12
273.24
261.70
238.86
233.82
261.59
302.47
322.32
311.65
296.13
303.63
326.35
324.80
272.08
188.74
128.11
127.53
177.20
235.87
270.33
276.39
267.75
256.05
246.54
245.02
257.16
278.53
293.09
289.99
280.25
287.93
319.40
346.17
327.44
253.80
164.83
117.49
135.16
189.47
232.17
241.43
234.60
239.29
259.72
275.77
271.45
256.46
255.38
278.56
309.81
325.13
319.95
312.39
318.40
328.39
313.89
259.55
185.47
134.05
133.44
174.34
222.05
248.35
250.23
241.54
234.00
230.96
234.66
249.98
275.81
298.13
301.07
287.74
282.90
306.62
344.90
354.83
306.42
218.57
147.44
135.94
176.25
223.84
244.12
240.53
238.22
249.47
262.92
263.81
254.97
252.33
264.57
285.35
305.12
322.45
337.31
338.81
309.83
248.93
181.98
144.45
150.56
183.72
217.26
239.70
255.73
268.01
268.91
254.38
238.67
244.20
274.80
306.73
313.61
298.12
290.48
311.14
340.42
333.60
268.67
175.84
114.60
121.03
177.96
235.22
255.98
243.22
226.27
227.83
245.77
262.70
267.50
265.66
270.35
286.79
306.88
318.87
320.75
321.40
327.59
330.85
311.53
259.39
190.39
139.41
133.07
168.06
216.10
248.89
257.33
249.64
237.61
229.00
229.70
244.10
268.32
287.48
288.59
278.17
280.16
308.96
345.13
346.76
291.34
204.75
142.45
139.58
181.62
225.22
243.13
243.79
249.45
265.13
276.00
271.34
260.86
262.73
280.82
301.51
312.55
316.89
322.70
324.57
304.00
252.33
188.12
145.43
143.91
173.86
210.54
237.90
254.79
262.81
258.66
242.87
229.85
238.52
270.02
301.04
307.09
291.76
285.58
310.57
348.67
353.25
296.39
202.56
131.45
125.14
172.72
226.03
247.09
238.10
228.02
236.51
255.54
264.51
256.94
247.86
255.69
281.13
307.07
318.28
317.34
318.70
327.59
329.04
301.07
240.37
172.47
134.22
143.65
186.43
230.61
253.27
253.69
244.67
236.93
234.11
238.24
252.30
273.83
290.90
292.04
282.25
282.96
308.95
344.75
351.25
302.89
218.66
150.81
138.88
175.33
218.36
236.11
233.79
236.82
254.66
269.83
263.28
242.37
235.36
258.74
297.18
320.88
319.24
310.04
313.57
323.66
311.59
259.74
186.59
134.40
132.19
172.73
223.56
256.13
263.15
253.63
239.85
231.39
235.47
254.11
278.88
294.25
292.61
285.63
295.15
327.68
359.39
352.57
291.94
204.91
142.01
134.38
169.45
208.19
224.43
225.11
232.87
254.15
270.80
264.17
241.96
233.67
257.86
298.76
321.97
312.91
294.09
298.47
327.76
344.17
308.68
225.77
145.37
118.54
152.88
211.61
251.86
259.41
248.58
238.30
235.81
240.08
250.12
264.08
275.08
277.56
278.56
294.45
328.92
357.36
343.26
276.56
191.82
141.34
148.00
188.14
221.48
232.29
236.39
251.37
271.21
276.10
261.49
247.01
253.81
280.00
305.30
316.65
320.14
324.73
322.12
292.99
234.22
172.06
141.55
154.16
190.42
223.43
243.09
254.62
260.50
254.98
238.62
228.65
243.98
280.11
308.41
307.28
289.83
290.79
322.92
353.42
333.41
252.34
157.24
112.38
140.16
204.27
249.86
255.00
240.72
237.13
249.60
261.02
259.56
253.88
259.17
276.34
292.51
300.40
308.44
325.91
342.52
331.96
280.20
206.61
151.24
140.08
165.39
200.41
227.46
247.05
262.73
267.68
254.06
231.52
225.41
250.36
290.03
311.91
303.73
288.74
297.83
328.40
339.84
295.49
206.67
128.98
112.63
158.24
222.06
260.02
262.46
249.37
241.98
245.37
254.43
265.62
277.77
287.07
290.57
294.81
312.71
344.43
364.75
340.08
264.50
175.46
125.74
136.65
181.27
215.70
223.10
222.43
236.40
260.09
268.53
251.82
232.32
240.53
278.23
314.51
321.37
306.67
303.41
326.67
349.22
327.21
249.88
157.54
107.29
122.16
176.02
224.44
244.51
243.58
238.19
235.15
234.55
240.87
260.38
287.89
306.26
306.08
301.76
317.54
354.14
376.85
346.66
264.45
177.61
137.38
151.89
185.58
202.93
204.12
213.74
241.75
267.73
267.21
244.44
229.68
244.37
277.88
303.43
310.62
313.08
323.54
330.92
310.08
253.12
183.91
139.18
138.24
172.50
218.70
255.81
271.60
263.78
243.09
231.13
244.83
278.36
306.08
309.51
299.48
303.99
331.55
353.12
328.21
249.97
158.94
109.42
123.39
177.76
231.24
258.20
259.06
248.95
243.72
252.70
274.31
294.91
298.81
286.64
280.56
301.99
340.67
354.17
307.61
215.19
134.80
116.28
157.04
211.15
238.39
237.90
234.85
244.88
260.12
266.62
263.74
