-0.000000
-0.000144
-0.000197
-0.000108
0.000099
0.000338
0.000498
0.000504
0.000358
0.000146
-0.000000
0.000030
0.000256
0.000590
0.000866
0.000928
0.000720
0.000329
-0.000043
-0.000187
0.000000
0.000432
0.000863
0.001006
0.000695
-0.000000
-0.000785
-0.001283
-0.001244
-0.000703
0.000000
0.000387
0.000102
-0.000867
-0.002132
-0.003089
-0.003234
-0.002469
-0.001200
-0.000155
-0.000000
-0.000941
-0.002556
-0.003970
-0.004305
-0.003188
-0.001015
0.001202
0.002347
0.001837
-0.000000
-0.002017
-0.002830
-0.001592
0.001476
0.005095
0.007561
0.007664
0.005428
0.002198
-0.000000
0.000440
0.003748
0.008505
0.012294
0.012970
0.009899
0.004453
-0.000578
-0.002444
0.000000
0.005484
0.010799
0.012424
0.008487
-0.000000
-0.009414
-0.015290
-0.014754
-0.008324
0.000000
0.004597
0.001213
-0.010452
-0.026049
-0.038389
-0.041080
-0.032226
-0.016189
-0.002183
0.000000
-0.014709
-0.042916
-0.072710
-0.087819
-0.074510
-0.028296
0.042662
0.119304
0.178189
0.200254
0.178189
0.119304
0.042662
-0.028296
-0.074510
-0.087819
-0.072710
-0.042916
-0.014709
0.000000
-0.002183
-0.016189
-0.032226
-0.041080
-0.038389
-0.026049
-0.010452
0.001213
0.004597
0.000000
-0.008324
-0.014754
-0.015290
-0.009414
-0.000000
0.008487
0.012424
0.010799
0.005484
0.000000
-0.002444
-0.000578
0.004453
0.009899
0.012970
0.012294
0.008505
0.003748
0.000440
-0.000000
0.002198
0.005428
0.007664
0.007561
0.005095
0.001476
-0.001592
-0.002830
-0.002017
-0.000000
0.001837
0.002347
0.001202
-0.001015
-0.003188
-0.004305
-0.003970
-0.002556
-0.000941
-0.000000
-0.000155
-0.001200
-0.002469
-0.003234
-0.003089
-0.002132
-0.000867
0.000102
0.000387
0.000000
-0.000703
-0.001244
-0.001283
-0.000785
-0.000000
0.000695
0.001006
0.000863
0.000432
0.000000
-0.000187
-0.000043
0.000329
0.000720
0.000928
0.000866
0.000590
0.000256
0.000030
-0.000000
0.000146
0.000358
0.000504
0.000498
0.000338
0.000099
-0.000108
-0.000197
-0.000144
-0.000000