-0.000000
-0.000213
-0.000089
0.000258
0.000398
0.000169
-0.000080
0.000057
0.000468
0.000638
0.000345
0.000012
0.000167
0.000684
0.000886
0.000464
-0.000024
0.000142
0.000800
0.001026
0.000393
-0.000334
-0.000166
0.000675
0.000923
-0.000000
-0.001043
-0.000861
0.000240
0.000543
-0.000721
-0.002125
-0.001867
-0.000373
0.000071
-0.001543
-0.003311
-0.002865
-0.000781
-0.000063
-0.002009
-0.004125
-0.003347
-0.000449
0.000688
-0.001593
-0.004077
-0.002854
0.001062
0.002710
-0.000000
-0.002976
-0.001280
0.003779
0.005929
0.002546
-0.001208
0.000867
0.007107
0.009636
0.005166
0.000177
0.002439
0.009866
0.012587
0.006481
-0.000330
0.001917
0.010633
0.013420
0.005057
-0.004237
-0.002082
0.008330
0.011273
-0.000000
-0.012504
-0.010252
0.002845
0.006431
-0.008539
-0.025238
-0.022315
-0.004499
0.000868
-0.019183
-0.042060
-0.037385
-0.010537
-0.000880
-0.029611
-0.064482
-0.056195
-0.008222
0.014033
-0.037232
-0.113680
-0.101284
0.053955
0.262948
0.360236
0.262948
0.053955
-0.101284
-0.113680
-0.037232
0.014033
-0.008222
-0.056195
-0.064482
-0.029611
-0.000880
-0.010537
-0.037385
-0.042060
-0.019183
0.000868
-0.004499
-0.022315
-0.025238
-0.008539
0.006431
0.002845
-0.010252
-0.012504
-0.000000
0.011273
0.008330
-0.002082
-0.004237
0.005057
0.013420
0.010633
0.001917
-0.000330
0.006481
0.012587
0.009866
0.002439
0.000177
0.005166
0.009636
0.007107
0.000867
-0.001208
0.002546
0.005929
0.003779
-0.001280
-0.002976
-0.000000
0.002710
0.001062
-0.002854
-0.004077
-0.001593
0.000688
-0.000449
-0.003347
-0.004125
-0.002009
-0.000063
-0.000781
-0.002865
-0.003311
-0.001543
0.000071
-0.000373
-0.001867
-0.002125
-0.000721
0.000543
0.000240
-0.000861
-0.001043
-0.000000
0.000923
0.000675
-0.000166
-0.000334
0.000393
0.001026
0.000800
0.000142
-0.000024
0.000464
0.000886
0.000684
0.000167
0.000012
0.000345
0.000638
0.000468
0.000057
-0.000080
0.000169
0.000398
0.000258
-0.000089
-0.000213
-0.000000
