-0.000254
-0.000258
-0.000261
-0.000264
-0.000267
-0.000269
-0.000271
-0.000272
-0.000272
-0.000270
-0.000266
-0.000260
-0.000251
-0.000239
-0.000223
-0.000202
-0.000178
-0.000148
-0.000112
-0.000070
-0.000022
0.000032
0.000094
0.000163
0.000239
0.000322
0.000413
0.000510
0.000615
0.000725
0.000841
0.000963
0.001088
0.001218
0.001349
0.001481
0.001614
0.001744
0.001872
0.001994
0.002111
0.002218
0.002316
0.002401
0.002472
0.002526
0.002562
0.002578
0.002571
0.002540
0.002482
0.002395
0.002279
0.002130
0.001948
0.001732
0.001479
0.001189
0.000862
0.000496
0.000091
-0.000354
-0.000837
-0.001358
-0.001918
-0.002515
-0.003147
-0.003815
-0.004515
-0.005246
-0.006005
-0.006791
-0.007600
-0.008429
-0.009276
-0.010136
-0.011007
-0.011885
-0.012766
-0.013646
-0.014520
-0.015386
-0.016238
-0.017073
-0.017887
-0.018675
-0.019434
-0.020159
-0.020847
-0.021495
-0.022098
-0.022655
-0.023161
-0.023614
-0.024012
-0.024352
-0.024634
-0.024854
-0.025012
-0.025107
0.975114
-0.025107
-0.025012
-0.024854
-0.024634
-0.024352
-0.024012
-0.023614
-0.023161
-0.022655
-0.022098
-0.021495
-0.020847
-0.020159
-0.019434
-0.018675
-0.017887
-0.017073
-0.016238
-0.015386
-0.014520
-0.013646
-0.012766
-0.011885
-0.011007
-0.010136
-0.009276
-0.008429
-0.007600
-0.006791
-0.006005
-0.005246
-0.004515
-0.003815
-0.003147
-0.002515
-0.001918
-0.001358
-0.000837
-0.000354
0.000091
0.000496
0.000862
0.001189
0.001479
0.001732
0.001948
0.002130
0.002279
0.002395
0.002482
0.002540
0.002571
0.002578
0.002562
0.002526
0.002472
0.002401
0.002316
0.002218
0.002111
0.001994
0.001872
0.001744
0.001614
0.001481
0.001349
0.001218
0.001088
0.000963
0.000841
0.000725
0.000615
0.000510
0.000413
0.000322
0.000239
0.000163
0.000094
0.000032
-0.000022
-0.000070
-0.000112
-0.000148
-0.000178
-0.000202
-0.000223
-0.000239
-0.000251
-0.000260
-0.000266
-0.000270
-0.000272
-0.000272
-0.000271
-0.000269
-0.000267
-0.000264
-0.000261
-0.000258
-0.000254
